0 1 0
0 2 1,2,3
2 4 0,1,2
2 8 0,1
2 9 0,1,2,3
2 10 1,2,3
2 11 0,1,2,3
2 12 1,2
2 13 0,1
3 4 1,2
3 5 0,1,2
3 6 1,2
3 7 1,2
4 6 0,1,2,3
4 11 0,1,2
4 17 0,1,2
5 7 1,2,3
5 19 3
5 20 0
5 21 1,2,3
6 7 0,1,2,3
6 17 0,1,2
7 17 0,1,2
7 21 0,1,2,3
8 10 1
8 13 0,1,2,3
9 13 0,1
9 14 0,1,2
9 15 2,3
10 12 0,1,2
10 13 1
10 16 1,2,3
11 12 1,2
11 17 0,1,2,3
12 16 1,2
12 17 1,2
13 14 0,1,3
13 16 0,1
13 18 0,1,2,3
14 15 2
14 18 0,1,3
15 32 0,2
16 17 0,1,2,3
16 18 0,1
16 29 1,2
16 30 0,1,2
16 31 0,1,2,3
17 28 1,2,3
17 30 0,1,2
17 48 1,2,3
17 49 0,1,2,3
17 50 0,1,2
18 29 1
18 32 1,3
18 33 1
19 20 1
19 22 3
20 27 3
20 28 0,3
21 17 0,1,2
21 28 1,2
22 26 1,2,3
22 27 0,1,2
23 24 1,2
23 25 0,1
24 25 1
24 210 0,1,3
24 211 0,1
25 257 0,3
25 267 0,2
25 268 0,3
25 269 0,3
25 270 0,3
26 27 1,2
26 59 1,2
26 60 1,2
27 58 1,2
27 60 0,1,2,3
27 65 0,1
27 72 3
28 27 1,2,3
28 49 1,2,3
28 58 1,2
29 30 1,2,3
29 31 1,2
29 33 0,1,2,3
29 52 0,1,2
30 31 0,1,2
30 50 0,1,2,3
30 52 1,2
30 61 3
30 62 1
30 63 0,1,2,3
31 52 1,2
32 33 1,2
33 62 1
33 90 1,2
33 91 1,2,3
33 92 1,2
33 93 2
34 35 1,2,3
34 36 1,3
34 37 0,1,2,3
35 37 1,2,3
35 47 0,1,2,3
36 37 1,3
36 39 0,1,2,3
36 41 0,1,2
36 42 2
36 43 1,2
36 44 1,3
36 45 0,2
37 44 0,1,2,3
37 68 0,1,2,3
38 36 0
38 39 0
38 40 0
39 40 0,1,2
39 43 1,2
40 43 1,2,3
40 55 0,2,3
41 42 2,3
41 45 0,2,3
41 56 2,3
41 57 2,3
42 43 0,2,3
42 56 0,2,3
43 55 2,3
43 56 0,2,3
45 57 1,2,3
45 88 0,2,3
45 124 1,2,3
46 26 1,2
47 37 1,2,3
47 66 1,2
47 67 0,1
47 68 1,2,3
47 69 1,2,3
47 70 1,2,3
47 71 0,1,3
48 49 1,2,3
48 50 1,2
48 58 1,2
49 27 0,1,2,3
49 58 1,2
50 58 1,2,3
50 61 3
51 15 1
52 33 0,1,2
52 62 1
53 54 1,2,3
53 55 0,2
54 55 2
55 57 2,3
55 99 2,3
55 100 0,2,3
55 101 2,3
56 55 1,2,3
56 57 0,2,3
57 101 0,1,2,3
57 128 1,2,3
57 132 0,1,2,3
57 133 1,2,3
57 134 2,3
57 135 0,2,3
58 61 3
58 64 1,2
58 65 1,3
58 80 1,2
59 81 3
59 82 3
60 72 3
60 81 3
61 89 0,1,2
62 63 1
62 90 1,3
62 94 1,3
63 94 0,1,2
63 102 1,2
64 65 0,1
65 109 2
65 113 2,3
66 69 0,1,2
66 73 2,3
66 74 1,2
67 68 1
67 71 0,1,2
67 75 2,3
67 76 0,1,2
68 44 0,1,2,3
68 76 1,3
68 88 1
69 70 0,1,2,3
69 74 1,2,3
69 95 2
70 71 1,3
70 76 1,3
70 95 2
70 107 1,2,3
71 76 0,1,2,3
72 109 1,2,3
73 74 0,2
73 84 1,2,3
74 95 0,2
75 71 2
75 76 2
76 88 0,1,2
76 107 0,1,3
76 121 1,3
76 122 0,1,2
76 123 2
77 78 3
77 79 3
78 79 0,1,2,3
78 103 0,2,3
78 120 0,1,2,3
79 112 3
79 120 0,1,2,3
79 129 0
80 64 1,2
80 89 3
81 78 0
81 82 0,1,2,3
81 97 0,2
81 98 0
82 78 0
82 97 0,2
82 103 0,1
83 73 0,1,2,3
83 84 1,2,3
83 85 0,1
83 86 1,2,3
83 87 1,2,3
84 74 2
84 87 0,1,2,3
84 95 1,2,3
85 86 1
86 87 0,1,2,3
86 125 1,2,3
86 126 0,1,2
86 127 1,2,3
87 95 1,2,3
87 125 1,2,3
88 123 2,3
89 104 0,1,2,3
89 105 3
89 106 0,1,2
90 91 0,1,2
90 94 0,1,2,3
91 92 1,2
91 139 0,1,2
92 93 0,2
92 147 0,3
93 169 2
93 204 2
93 210 0,1
93 211 0,1,3
93 213 2
93 215 0,1
94 91 0,1,2
94 102 1,2,3
94 116 3
94 118 3
94 119 0,1,2
95 107 0,2
95 125 0,1,2,3
95 162 1,2,3
95 163 0,2
96 81 0
96 82 0
96 97 0,1,3
97 78 0,1,3
98 77 3
98 78 0,1,2,3
98 79 0,1,2,3
98 109 0
98 110 0,1,2,3
98 111 0,1,2
98 112 3
99 100 1,2,3
99 101 0,2,3
99 148 2,3
100 164 1,2,3
100 167 0,1,2,3
100 168 2,3
101 134 2,3
101 164 0,2,3
101 207 1,2,3
101 208 2,3
102 116 3
102 119 1,2
103 138 0,1
103 150 0,2,3
104 94 3
104 102 3
104 105 3
105 102 0,1,2,3
105 114 1,2,3
105 115 0,3
105 116 3
106 113 0,1,2,3
106 115 1,2
107 121 1,2,3
107 163 0,1,2,3
107 165 1,2
107 166 1,2
108 65 2,3
108 72 1,2
108 109 0,1,2
109 140 0,1,2
109 141 3
109 142 0
109 143 1,2
109 144 0
110 109 0
110 111 0,1,2
113 109 0,1,2
113 130 0,3
114 115 3
114 116 3
114 145 3
114 146 3
115 146 1,2,3
115 151 3
116 145 1,2,3
117 106 0,3
117 113 0,3
119 175 3
119 176 3
120 103 0,2,3
120 129 0
120 136 3
120 137 0,2,3
120 138 0
121 122 1
121 166 0,1,2
121 206 1,3
122 178 2,3
122 206 0,1,2
123 122 2,3
123 178 1,2,3
124 57 0,1,2,3
124 88 2,3
124 123 0,1,2,3
124 128 1,2,3
125 127 0,1,2,3
125 162 1,2,3
125 172 0,1,3
125 173 3
126 127 1,2
126 159 0,1,2,3
126 160 2
126 161 0,1,2,3
127 160 0,2,3
127 173 3
128 123 1,2,3
128 132 1,2,3
128 133 0,1,2,3
128 177 2,3
128 178 1,2,3
129 137 0,1
129 142 0
130 146 0
130 156 3
130 174 0,1
131 91 3
131 119 3
132 133 1,2,3
133 135 2,3
133 177 2,3
134 135 1,2,3
134 208 0,1,2,3
134 263 2,3
135 249 0,2,3
135 263 0,2,3
135 276 0,2,3
136 149 3
137 136 1,3
137 149 3
137 157 0,1
138 136 1,2
139 119 0,1,2
139 147 3
140 112 3
140 129 0,1,2
140 142 0,3
141 143 0
141 155 3
141 156 0,1,2
142 112 3
142 137 0,2,3
142 144 0,1,2,3
142 157 0
143 144 3
143 158 1,3
144 158 0,2,3
144 179 0,1,2
144 180 3
144 212 0,3
145 146 1,2,3
145 176 1,2
145 182 1,2
145 198 0,1,2,3
145 199 0,1,3
146 182 0,1,2
147 93 0,1
147 171 0,1,2,3
148 100 0,2,3
148 101 1,2,3
148 164 2,3
149 180 3
150 138 0
152 126 3
153 129 1,2,3
154 126 3
155 130 0
156 158 3
156 181 3
156 182 3
156 183 3
157 144 0
157 179 0
157 180 1,2
158 183 0,2,3
158 212 0,1,3
158 218 0,1,3
158 219 1
159 161 0,1,2,3
159 169 0,1,2
159 170 0,1,2
160 161 2
160 214 2
161 170 0,1,2
161 214 0,1,2,3
162 163 2
162 172 1,3
162 184 1,2,3
163 184 0,2
164 207 2,3
165 163 1,2
165 166 0,1,2,3
165 184 2,3
165 185 0,1,3
165 186 2
165 187 2,3
165 188 1,3
166 188 1,3
166 206 1
166 223 0,1,3
166 224 0,1,3
166 225 0,1,2
167 164 1,2,3
167 168 2,3
167 217 2,3
168 226 2,3
168 231 2,3
169 190 3
170 190 3
171 93 0,1
171 176 1,2
171 213 3
172 184 0,1,3
172 194 2
172 195 2
172 196 2,3
172 197 0,1,3
173 160 1,3
173 172 2,3
173 192 0
173 193 0
174 146 0,2,3
176 198 1,2
176 222 0,3
177 135 0,1,2,3
177 178 2,3
177 249 0,2,3
178 234 2,3
178 249 1,2,3
180 219 0,1
180 227 0,1
181 183 0,3
182 183 0,3
182 220 3
183 218 0,3
183 220 3
184 186 1,2
184 187 0,1,2,3
184 196 3
184 197 0,1,2,3
185 166 0,1,3
185 188 1,2,3
186 187 1,2
186 197 1,2
186 245 1,2,3
186 246 0,1,2,3
187 188 0,3
187 246 1,2
187 247 0,1
187 248 3
188 237 3
188 264 1
188 265 1,2,3
189 169 0,1,2,3
189 190 3
190 240 1,2
190 252 1,2
191 160 3
192 194 0,3
192 209 3
193 209 3
193 214 3
193 216 3
194 195 0,1,2,3
194 209 3
194 229 1,2
196 197 3
197 245 1,2
197 262 1,2
199 227 0,1
200 93 0,1
200 169 3
200 201 1,2
200 202 2
200 203 0,1,2
200 204 3
200 205 0,3
201 190 1,2
201 203 1,2,3
201 221 0,3
202 228 0,1,3
203 205 0
203 211 0,1
203 221 3
203 238 3
203 239 1,3
203 240 1,2,3
205 238 1,2
206 178 2
206 225 1,3
206 234 1,2
207 208 0,2,3
207 226 0,1,2,3
207 253 1,2,3
207 254 0,1,2
207 255 0,2,3
208 253 2,3
208 263 2,3
209 216 1,2,3
209 230 0,1,2
209 243 0,1,2,3
209 244 3
210 211 0,1
211 293 0,1,3
211 298 0,1,2
211 299 1
211 300 1
211 301 0,1
211 302 1
211 303 0
212 180 1,2,3
212 219 1
212 227 1
214 170 0,1,2
214 216 1,2,3
214 233 3
215 211 0,1
215 251 1,3
216 242 3
216 243 1,2,3
216 244 3
216 260 3
216 261 1,2
217 164 0,2,3
217 168 0,2,3
217 207 1,2,3
217 226 1,2,3
218 199 1
218 219 1
218 227 1
219 227 0,1
220 199 2
220 232 3
221 240 0,3
222 232 0,1,2,3
223 188 1,2,3
223 224 0,1,2,3
223 237 3
224 225 0,1
224 237 3
224 277 3
224 278 2,3
224 279 0,1,2,3
224 280 0,1
225 234 1
225 280 0,1,2,3
225 282 1,2,3
225 283 0,1,2,3
226 231 0,2,3
226 255 0,2,3
227 23 1,3
227 24 0,1
227 25 1
227 258 1,3
227 259 1
228 238 3
228 250 3
228 251 0,2,3
229 195 1,2
229 197 0,3
229 230 3
230 197 1,2,3
230 243 0,1,2
230 262 1,2
231 255 0,1,2,3
233 216 3
233 241 3
233 242 1,3
234 282 1
234 297 0,2,3
234 317 0,1,2,3
234 318 1
235 24 1
235 199 1
235 227 1
235 232 0,3
235 236 0
236 232 0,1,2
237 247 1
237 279 3
238 239 3
238 251 3
239 211 1
239 240 0,1,3
239 273 3
240 273 3
241 242 0,2,3
243 260 3
243 262 1,2,3
244 243 3
245 246 1,2,3
245 286 3
246 286 3
246 288 3
246 289 3
247 248 2
247 279 2
247 304 2,3
248 288 0
248 304 0,1,2
248 313 0,1,2
248 314 0,1
249 234 0,2,3
249 276 0,1,2,3
249 297 0,1,2,3
250 238 1,3
250 251 3
251 211 1
252 241 0,3
252 273 3
253 254 1,2
253 255 2,3
253 291 2,3
253 311 0,1,2,3
254 255 0,2
255 340 2,3
255 347 0,1,2,3
255 348 2,3
255 349 0,1
256 227 1,3
256 257 0
257 270 0,1,2,3
257 274 3
258 257 0
258 259 1,2
259 25 1,2
260 285 0,1
262 245 0,1,2,3
262 260 3
262 285 2
262 286 3
263 253 0,1,2,3
263 276 0,1,2,3
263 291 2,3
263 292 1,2,3
264 247 3
264 265 0,1
265 237 3
265 247 2
266 257 3
267 257 0,1
267 270 0,1
267 274 2
268 269 0,1,2,3
268 272 0,1,2,3
268 275 0,1
271 211 1
271 268 0
271 272 0
272 275 0,1
272 281 0,1,2,3
273 287 0,1,2
274 270 3
275 284 2,3
276 292 1,2,3
276 297 0,1,2,3
277 278 0,1,3
277 279 3
277 290 3
278 279 2,3
278 290 3
279 290 0,1,3
279 304 0,1,2
279 330 2,3
280 283 0,1,2,3
280 290 0,1,2
282 283 1,2,3
282 318 0,1,2,3
282 338 3
283 290 0,1,2
283 318 1,2,3
283 341 1,2,3
284 293 0
286 289 0,1,2,3
287 261 0,1,2,3
288 289 3
288 313 0,3
290 341 1,2
290 353 2
291 292 0,2,3
291 311 2,3
291 315 2,3
291 316 2,3
292 316 2,3
292 339 1,2,3
292 346 0,2,3
293 303 0,2
293 312 0,1
294 295 0,1
294 296 1
295 296 1
295 356 3
296 362 0,1
296 412 2
297 292 1,2,3
297 317 0,2,3
297 328 2,3
297 329 2,3
297 339 0,1,2,3
298 260 0,1
298 285 0,1
298 286 0,1
298 289 0,1
298 294 1
298 296 0,1,2
298 301 0,1
298 305 1
298 306 1
298 307 0,1
298 308 1
298 309 0,1
298 310 0,1
299 293 1
299 312 1,3
300 319 0,3
301 310 0,1,2
301 320 1,3
301 321 3
301 322 3
301 323 3
301 324 0,2,3
303 342 0,3
303 343 1,2,3
304 307 1,2
304 330 2
305 325 1,2
305 331 0
305 332 2
306 333 2
306 335 2
307 289 0,1,2
307 294 1,2,3
307 296 0,1
307 330 0,2,3
308 309 1
308 334 3
309 355 1
310 305 1,2,3
310 324 0,2
310 325 0,1,2
310 326 3
310 327 1
311 255 2,3
311 316 0,2,3
311 340 0,2,3
312 303 0
313 289 1,2,3
313 314 0,1,3
314 289 1,3
314 304 0,1,3
314 307 1
315 292 1,2,3
315 316 0,2,3
316 346 2,3
316 347 2,3
316 364 0,2,3
316 365 0,1,2,3
317 318 1
317 328 1,2,3
317 329 1,2,3
318 329 0,1
318 341 0,1,2,3
318 352 1,3
319 302 0,3
320 322 0,2,3
320 323 0,2,3
320 324 3
320 337 0,1,3
321 324 3
322 302 0,3
322 323 0,1,2,3
323 337 0,3
324 345 1,3
324 351 0,1
325 344 3
326 324 1
326 345 0,1,2
327 305 0,1
327 325 1,3
328 329 1,2,3
329 374 2,3
329 375 2,3
329 376 0,2,3
330 353 1
331 306 0
331 333 3
331 334 3
332 334 1,3
332 344 1,3
333 308 3
333 309 2
333 335 1,2
334 345 0,1,2,3
335 334 0,1,2
336 286 3
336 289 3
337 324 2,3
338 283 3
338 318 3
339 329 2,3
339 346 2,3
339 375 0,2,3
340 316 0,1,2,3
340 347 2,3
341 352 1,3
341 353 2
341 360 0,1,2
341 361 1,2,3
341 362 0,1,2
342 343 3
342 351 0,3
343 351 1,2,3
344 326 0,1,2
344 334 0,1,2,3
344 345 0,1,2,3
345 363 1,2
346 365 2,3
346 375 2,3
346 380 2,3
346 381 0,1,2,3
347 348 2,3
347 349 0,1
347 364 2,3
348 382 2
349 382 0,1,3
349 389 1,2
349 390 0,1,2,3
350 290 3
351 345 1,2
351 363 0,1,2,3
352 361 1,3
352 367 2
352 368 0,1,2
352 369 1,3
353 360 2
353 366 0,1,2,3
354 294 0
354 355 0,3
354 356 3
354 357 0,1,2,3
354 358 0
355 357 0,3
355 370 0
355 371 1
356 377 1
356 378 1,2
356 379 2
357 358 0
357 383 1,2,3
358 378 3
358 384 1
358 385 0,1,2
358 386 3
359 357 1
360 296 0,1
360 362 0,1,2,3
361 362 1,2
361 369 1,2,3
362 369 0,1,2
362 420 1,3
362 421 0,1,2
364 348 0,1,2,3
364 365 0,2,3
365 348 0,2,3
365 381 2,3
365 382 2
366 360 2
367 329 2,3
367 368 2,3
367 374 1,2,3
368 369 1
368 376 2,3
368 398 1,2
368 399 1
369 399 0,1,2,3
369 420 1
370 357 0,1,2
370 359 1,3
372 357 0
372 370 0
372 371 1,3
372 373 0
373 392 1,2
374 368 0,2,3
374 376 1,2,3
376 375 2,3
376 395 0
376 425 0
377 358 2,3
377 378 0,1,3
378 379 0,2,3
378 384 0,2
378 406 3
378 407 2
378 408 0,2
379 296 0,1
379 407 1,2
379 410 1,2
379 411 0,1,2
380 375 0,1,2,3
380 381 2,3
381 375 2,3
381 376 0,2,3
381 395 0,1
382 381 0,1,2
382 389 1
382 390 0,1,3
382 395 0,1,3
383 373 1,2,3
383 392 0,1,2
384 386 0,2
384 408 0,1,2,3
384 419 0,1,3
386 402 0,2
386 441 3
386 442 0,1,2
387 388 3
388 565 2
389 390 1,2
390 395 0,1,2,3
390 439 1,2,3
390 440 0,2,3
391 383 0,1,3
391 392 0,1
391 393 0,1,2
392 393 0,1
392 409 0,1,2
393 409 0,1
394 296 1
394 379 1,3
395 433 1,2,3
395 439 1,2,3
396 397 1
397 403 1,2
397 404 0,1,3
397 405 0,1
398 376 2
398 399 1,3
398 421 1,3
398 425 1,3
399 420 1
399 421 0,1,2,3
400 401 1,2,3
400 402 0,1,2,3
401 402 1,2,3
401 430 1,3
401 436 0,2
402 430 0,1,3
402 442 0,2,3
402 466 1,3
402 468 0,1
402 469 0,2,3
403 404 1
403 413 0,1,2,3
404 405 0,1,2
404 417 1
404 418 0
405 417 1
406 407 0
407 408 1,2,3
407 410 0,1,2,3
408 400 0,1,2,3
408 401 1,2,3
408 410 1,2,3
408 419 0,1,3
408 423 2
408 424 1,2,3
409 385 3
409 426 0,1
410 411 1,2,3
410 424 0,1,2,3
410 428 1,3
410 429 0,1,2,3
410 430 1,3
411 430 0,1,3
411 456 1
411 459 0,1,3
412 449 0
412 450 0
412 451 0
412 452 0
412 453 0
412 454 0
413 417 0,1,2,3
413 435 0
414 405 0,1
414 415 1,3
414 416 1,3
414 417 1,2
415 416 1,2,3
416 417 0,1
416 431 1,3
417 431 1,2
417 435 0
417 443 1,2
417 444 0
417 445 0,1
418 422 1
419 386 0
419 400 0,1,3
419 402 0,1,3
420 412 0
420 421 1
421 432 0,1,2,3
421 437 0,1,2
421 438 0,1,2,3
422 445 2
422 477 1,2
422 482 0
423 400 2
423 401 0,2
424 401 0,1,2,3
424 428 1,3
424 436 0,2
425 395 0,1,2,3
425 421 0,1,2,3
425 432 0,1,2,3
425 433 1,2,3
427 422 0
428 429 1,3
429 430 1,3
429 436 0,2
430 459 0,1,2,3
430 470 2
431 443 0,1,2,3
431 448 1,3
432 433 1,2,3
432 438 0,1,2,3
433 439 0,1,2,3
433 450 0,1
433 462 1,2
434 385 0,1,2
435 422 1,2
435 445 0,2,3
437 438 0,1,2
437 450 1,3
437 462 0,1,2,3
438 433 1,2,3
438 450 1
439 440 2,3
439 462 1,2
439 467 0,1
439 472 0
441 461 3
441 465 0,1,2,3
441 466 0,1,2
442 466 3
443 445 1,3
443 458 0,2,3
443 464 1,2
444 445 0
446 447 0,1,2,3
447 563 3
447 564 0
448 443 1,3
448 457 1,3
448 458 3
450 462 1,3
451 452 0
451 453 0
451 481 0
452 474 0,1,2
452 481 0,1
453 454 0,1
453 483 0,1,2,3
453 486 3
454 486 2
455 411 0,1,2,3
455 456 1
456 459 1,2
456 475 1
456 489 1,2,3
456 490 1
457 440 0,2
457 458 0,2,3
457 467 1,3
458 471 0
459 470 2
459 488 0,1,2
460 441 0,1
460 461 2
461 465 3
461 478 2
461 479 3
461 480 0,1
463 422 0
464 445 0,1
464 458 2
464 471 1,3
465 466 0,1,2
466 469 3
466 514 1,2
467 458 3
467 471 1
467 472 0,2
467 476 0,1
467 477 0,2,3
468 466 1
468 469 0
468 470 2,3
468 494 1
468 495 0,1,2
468 496 0,2,3
468 497 0,1,2
469 497 0,3
469 514 0
470 488 2,3
471 445 1
473 474 3
473 475 0,2
474 484 2
474 485 0,1
475 490 0,1,2,3
475 493 0,1
475 500 0,1,2
475 506 0,1,2,3
475 507 0,1,3
475 508 0,1,3
476 445 0,1
476 471 1,3
476 477 0
477 445 0,2,3
477 499 1
478 479 0,1
478 480 3
478 510 3
480 510 0,1,2,3
480 514 3
481 453 0,1
481 474 0,1
481 483 0,1
483 501 2
484 483 2,3
484 485 3
484 491 1,3
484 492 2
484 493 0,1,2
486 483 3
487 456 0,2,3
487 459 2
487 488 2,3
487 489 2,3
488 513 0,2,3
488 516 0,1,2,3
489 488 0,1,2,3
489 490 0,1
490 488 0,1
490 507 0,1,3
490 508 0,1,3
490 516 0,1
491 492 0
491 493 1
491 500 1
492 483 0,1,2
492 493 2,3
492 500 3
492 501 2,3
492 502 0,1,2,3
493 500 0,1,3
494 495 1,3
495 470 2
495 488 0,1,2
495 512 3
495 513 0,2
496 497 0,2
496 528 1,2,3
497 530 0,2
497 542 0,2
498 477 1
498 499 0,1,2,3
499 511 0,2,3
501 502 2,3
501 509 0,1,2,3
502 509 2,3
502 515 3
503 504 2
503 505 0
504 505 3
504 531 2
504 532 0
505 532 1
505 535 0
505 536 0
505 537 0
505 538 0,2,3
505 539 1,2,3
506 500 0,1,2
506 508 0,1,3
506 515 0,1,2
507 508 0,1,2,3
508 526 0,1,2
509 504 0,3
509 515 0,1,3
510 524 0,1,3
512 528 0
513 525 0,2,3
513 530 0,1,2,3
514 523 1
514 524 3
515 504 0,2,3
515 529 1
515 531 1,2
515 532 0
516 508 0,1,2
516 513 0,2,3
516 525 0,2,3
516 526 0,1,2,3
516 527 1
517 503 0,1
517 504 3
518 519 0,1,2,3
518 520 2,3
518 521 0,2,3
518 522 2
519 508 2
519 522 2
519 526 2,3
520 515 1
520 521 2,3
520 529 1,2,3
521 522 1,2
521 532 2,3
521 545 1,2
522 533 0,3
522 545 1,2,3
523 524 2
524 543 0,1,3
525 544 0,2,3
526 522 2
526 527 1
526 533 1
526 534 0,1
528 497 2
528 530 1,2,3
529 521 0,2,3
529 532 2,3
530 525 0,2,3
530 542 0,2,3
530 544 0,1,2,3
532 548 2,3
533 546 0,1,2,3
533 547 1
534 527 1,2
534 533 1,2
534 549 1,2
534 550 0,1,2
535 537 0,1,2,3
537 538 0,1
537 560 0,1,2
538 539 2,3
538 560 0,1,3
539 574 1,3
540 497 1
540 541 0,1
541 447 3
541 563 0,1,2,3
541 564 2
541 565 0,1
542 446 0,2,3
542 447 0,2,3
542 544 0,2,3
542 551 0,2,3
542 552 0,2,3
542 553 0,1,2,3
542 554 0,2,3
542 555 1,2,3
544 552 0,1,2,3
545 533 3
545 546 3
546 537 0,1,2,3
546 547 1
546 559 0,1,2,3
546 560 0,1,2
547 561 2,3
547 562 0,2,3
548 535 0
548 537 0
548 546 0
549 527 0,1,2,3
549 550 1,2,3
550 527 1,2,3
550 556 0
551 447 0,2,3
551 541 3
552 553 0,2,3
553 555 1,2,3
553 566 0,2,3
554 555 2,3
554 570 2,3
554 571 0,1,2,3
555 571 2,3
555 574 0
555 575 0
556 557 2,3
556 558 1,2,3
557 552 2,3
557 553 2,3
557 561 0,2,3
558 547 2,3
558 557 0,2,3
558 561 0,1,2,3
559 560 0,1,2
560 539 3
561 553 2,3
561 566 1,2,3
563 564 2
563 567 0,1,2
563 568 0,1,2
564 388 0,1
564 568 2,3
566 555 2,3
566 569 0,1,2,3
567 568 0,1,2,3
568 572 0,1
568 573 1,2,3
569 539 1
569 555 2,3
569 574 1
570 571 2,3
571 575 1
571 576 2,3
572 573 1
573 579 1,2
574 575 0,1,2
574 577 1,3
574 578 2
575 577 1
575 579 0,2
576 573 0
577 578 0
577 579 3
